40.6508 0
41.1239 -0.502342
44.2282 -1.07551
46.969 -1.73274
48.5946 -2.41208
48.8354 -3.07712
51.6783 -3.76442
54.1287 -4.74876
55.3293 -5.38394
55.2268 -6.1857
57.1409 -6.87576
57.4364 -7.98269
60.7815 -9.02954
58.9537 -9.51161
61.0928 -10.9077
60.9362 -11.3041
62.0519 -12.2445
61.7989 -12.8696
63.4508 -14.4144
62.6752 -15.1805
60.3818 -15.1735
60.8348 -16.0929
61.9374 -17.0828
59.8167 -17.1557
60.3125 -18.3603
58.9794 -18.6296
58.5696 -19.2698
57.0833 -19.7334
55.4207 -19.8928
54.9265 -20.7054
52.7771 -20.4198
53.0651 -20.743
51.1753 -20.4153
49.3492 -21.0606
48.5099 -21.243
46.1713 -20.6478
45.9495 -21.0253
44.396 -21.3384
41.1238 -20.5113
42.0354 -21.2017
39.1155 -20.7014
39.2278 -21.1181
37.2294 -20.7675
36.5383 -21.2724
33.9821 -19.9562
33.3845 -20.3774
31.7892 -19.9657
31.0923 -20.1204
30.0573 -20.8256
29.0235 -19.9715
28.0407 -19.3978
27.6056 -20.1398
25.9468 -19.5503
26.5418 -19.0445
26.1678 -20.5647
24.2668 -19.7557
23.806 -20.2838
23.9714 -19.4477
23.6813 -20.3341
23.3745 -19.1481
22.7987 -20.7249
21.6873 -19.6757
21.1029 -20.3175
20.6032 -20.4739
19.62 -20.0399
19.5086 -19.992
18.8599 -19.4473
18.8641 -19.5218
17.067 -20.6668
16.6626 -19.4957
16.995 -20.3589
16.3722 -20.1182
15.9347 -18.4705
14.4576 -19.2017
13.9747 -19.5167
13.617 -18.3985
12.799 -17.7509
12.1096 -18.096
11.0802 -18.1098
11.9508 -16.9791
10.2668 -16.5666
10.1112 -15.6456
9.59744 -15.9343
10.3006 -14.6059
7.76869 -14.1737
9.10715 -13.3191
8.37198 -12.4232
8.26447 -11.8133
5.91881 -12.4786
5.96123 -11.5796
6.31504 -10.1307
4.49671 -10.5329
4.11188 -8.96048
2.68886 -9.12445
3.1088 -8.22511
2.40247 -8.04519
2.59359 -7.36641
2.35127 -6.00827
2.19668 -5.50699
2.05391 -5.05737
1.71897 -4.7105
1.48436 -4.80602
0.623692 -4.47145
0.716076 -4.27957
3.01963 -3.45184
1.32706 -3.32326
1.59368 -3.18255
2.51036 -2.99264
1.07243 -3.68464
1.67777 -3.2041
-0.606657 -3.51537
0.656407 -2.76519
1.31958 -2.72112
1.11427 -2.83683
0.0143513 -3.34111
0.576608 -3.18519
-0.00764232 -3.21928
-0.897357 -2.91314
0.968329 -2.65525
-1.14555 -2.86646
-0.963856 -2.65777
0.440925 -2.39769
-0.934401 -2.28641
-1.79443 -2.01136
0.505954 -1.55121
-1.07301 -1.26833
-0.123884 -0.914165
-0.84416 -0.476818
0 0
0.00616497 0.502342
0.0264024 1.07551
0.0638208 1.73274
0.118498 2.41208
0.189047 3.07712
0.27768 3.76442
0.408939 4.74876
0.530272 5.38394
0.685981 6.1857
0.848044 6.87576
1.08418 7.98269
1.33941 9.02954
1.53043 9.51161
1.89266 10.9077
2.10465 11.3041
2.43558 12.2445
2.72452 12.8696
3.23687 14.4144
3.60513 15.1805
3.80078 15.1735
4.2416 16.0929
4.72743 17.0828
4.97506 17.1557
5.56955 18.3603
5.90182 18.6296
6.3659 19.2698
6.78875 19.7334
7.11776 19.8928
7.69641 20.7054
7.87678 20.4198
8.29529 20.743
8.45631 20.4153
9.02793 21.0606
9.41637 21.243
9.4574 20.6478
9.94423 21.0253
10.4146 21.3384
10.3245 20.5113
11.0002 21.2017
11.0651 20.7014
11.6233 21.1181
11.7647 20.7675
12.3979 21.2724
11.9613 19.9562
12.5562 20.3774
12.6431 19.9657
13.0897 20.1204
13.9152 20.8256
13.702 19.9715
13.6615 19.3978
14.5571 20.1398
14.4995 19.5503
14.49 19.0445
16.0489 20.5647
15.8114 19.7557
16.6465 20.2838
16.3638 19.4477
17.5403 20.3341
16.9315 19.1481
18.7839 20.7249
18.2778 19.6757
19.3439 20.3175
19.9775 20.4739
20.0399 20.0399
20.4888 19.992
20.4262 19.4473
21.0148 19.5218
22.8023 20.6668
22.0479 19.4957
23.6016 20.3589
23.9097 20.1182
22.5064 18.4705
23.9918 19.2017
25.0083 19.5167
24.1815 18.3985
23.9343 17.7509
25.0359 18.096
25.7139 18.1098
24.7481 16.9791
24.7936 16.5666
24.049 15.6456
25.1631 15.9343
23.7039 14.6059
23.6474 14.1737
22.8529 13.3191
21.93 12.4232
21.4633 11.8133
23.3458 12.4786
22.3185 11.5796
20.1262 10.1307
21.5807 10.5329
18.9454 8.96048
19.9209 9.12445
18.5556 8.22511
18.768 8.04519
17.7841 7.36641
15.0241 6.00827
14.2763 5.50699
13.6057 5.05737
13.165 4.7105
13.9701 4.80602
13.5353 4.47145
13.5088 4.27957
11.3792 3.45184
11.4597 3.32326
11.5002 3.18255
11.3543 2.99264
14.7099 3.68464
13.4918 3.2041
15.6547 3.51537
13.0617 2.76519
13.68 2.72112
15.2366 2.83683
19.2553 3.34111
19.7959 3.18519
21.7026 3.21928
21.4491 2.91314
21.5282 2.65525
25.8478 2.86646
26.9847 2.65777
27.8429 2.39769
30.9961 2.28641
32.7389 2.01136
31.5757 1.55121
34.4353 1.26833
37.239 0.914165
38.8526 0.476818
