19.82 0
20.8308 0
20.6608 0
20.4693 0
22.3356 0
21.919 0
23.4787 0
23.5541 0
24.1043 0
24.6088 0
23.8868 0
25.1376 0
26.3007 0
25.6553 0
26.7609 0
27.7767 0
28.2624 0
27.5972 0
27.6806 0
28.2322 0
29.6913 0
28.2976 0
28.5906 0
29.9299 0
31.0151 0
31.1058 0
30.1617 0
30.3225 0
30.6079 0
32.3776 0
31.6315 0
31.4094 0
32.4911 0
31.9964 0
32.7654 0
31.758 0
32.974 0
33.7136 0
32.5168 0
33.7636 0
31.9941 0
32.1885 0
32.4269 0
32.6495 0
33.4366 0
33.2283 0
32.7249 0
32.0669 0
32.8343 0
33.0477 0
32.5274 0
32.3538 0
32.5873 0
32.3483 0
31.7973 0
32.0748 0
31.1813 0
31.3572 0
30.9232 0
31.6997 0
30.2473 0
30.4066 0
31.278 0
30.0823 0
30.76 0
28.8716 0
29.2979 0
29.0793 0
29.2564 0
28.6699 0
28.3603 0
27.2683 0
28.6944 0
27.1992 0
27.7433 0
27.0672 0
25.9116 0
25.5368 0
27.1035 0
25.9321 0
25.2833 0
24.8973 0
25.8548 0
24.9962 0
24.7819 0
24.2122 0
24.4877 0
24.4486 0
23.3153 0
22.6281 0
23.1274 0
22.8133 0
22.3462 0
22.0862 0
22.1736 0
22.0085 0
21.4311 0
22.5414 0
21.3197 0
21.4058 0
21.1 0
20.6022 0
20.9523 0
21.2104 0
20.0163 0
20.43 0
21.2714 0
19.7603 0
21.0166 0
21.2001 0
19.8305 0
20.2477 0
19.7713 0
20.6812 0
20.5969 0
19.7383 0
20.665 0
20.5566 0
21.0128 0
19.2932 0
20.7575 0
20.8252 0
20.2359 0
19.7292 0
20.1047 0
20.342 0
20.1006 0
20.4801 0
19.62 0
20.0399 0
19.9994 0
19.998 0
19.8153 0
19.4708 0
20.3041 0
19.5748 0
19.1025 0
20.7668 0
19.0672 0
19.6434 0
20.015 0
20.5817 0
19.8631 0
20.4188 0
19.6087 0
18.8323 0
18.7695 0
19.6799 0
18.8634 0
20.1197 0
18.7086 0
19.09 0
18.1837 0
18.5496 0
18.0877 0
19.0578 0
17.56 0
19.2342 0
18.5003 0
18.1986 0
17.1289 0
17.9315 0
17.0464 0
17.1138 0
17.1338 0
17.6267 0
17.6526 0
16.3519 0
15.3447 0
16.0714 0
16.6523 0
15.3078 0
15.8181 0
14.4838 0
15.7452 0
13.9827 0
14.2567 0
15.0079 0
14.1165 0
14.1632 0
13.8284 0
12.6128 0
12.7167 0
13.3608 0
11.4656 0
11.5917 0
10.5597 0
12.0501 0
10.5636 0
11.1007 0
10.0621 0
11.1084 0
9.96 0
10.4177 0
8.66196 0
8.71344 0
8.2727 0
8.2003 0
7.91681 0
7.74277 0
7.45873 0
7.4252 0
7.6427 0
7.81173 0
6.65275 0
7.50622 0
6.79259 0
7.43228 0
8.18567 0
6.21315 0
6.57505 0
6.21172 0
6.90344 0
6.19049 0
7.79311 0
6.07152 0
7.96591 0
7.81643 0
8.04322 0
7.12638 0
6.82597 0
8.22203 0
6.89457 0
6.82355 0
7.88893 0
7.11062 0
8.46849 0
7.88239 0
9.35214 0
9.91753 0
10.2183 0
10.1542 0
10.6049 0
11.0901 0
9.62937 0
10.9224 0
11.5687 0
10.9278 0
11.6194 0
13.0828 0
12.3976 0
13.6233 0
14.2591 0
14.0247 0
14.4793 0
15.5824 0
14.5132 0
16.4312 0
16.2557 0
15.8259 0
16.1213 0
17.241 0
18.4844 0
18.6307 0
18.5792 0
19.4292 0
