2
0.228844
0.885403
1.27042
-0.622606
0.883205
-0.385763
-1.04245
0.24857
-1.7598
-0.70274
-0.53923
-1.84941
0.170756
-0.909673
-0.590264
0.947257
-0.614351
1.09783
1.04667
0.107642
1.98318
0.372928
0.721474
1.42137
-0.598718
0.79287
-0.175442
-1.15673
0.295223
-1.64107
-0.874603
-0.389565
-1.90739
0.0636649
-0.763586
-0.783204
0.98196
-0.575137
0.908471
1.19944
0.0129866
1.93324
0.535454
0.560781
1.5465
-0.542571
0.680179
0.0347768
-1.24792
0.309872
-1.49665
-1.04902
-0.258756
-1.93223
-0.069838
-0.609792
-0.959216
0.985204
-0.507166
0.707762
1.33814
-0.0523549
1.85177
0.711348
0.409087
1.64245
-0.455113
0.549784
0.238978
-1.31217
0.29274
-1.33079
-1.2201
-0.151166
-1.9235
-0.226002
-0.454133
-1.11348
0.955909
-0.413592
0.501457
1.45762
-0.0866023
1.74137
0.895072
0.271837
1.70677
-0.338329
0.406912
0.431448
-1.34649
0.245111
-1.14842
-1.38199
-0.0703693
-1.8818
-0.400311
-0.302492
-1.24186
0.894056
-0.298414
0.295485
1.55334
-0.0890196
1.60555
1.0808
0.153979
1.73807
-0.195177
0.257194
0.606862
-1.34887
0.169287
-0.954974
-1.52915
-0.0190344
-1.80883
-0.587632
-0.160604
-1.34109
0.800697
-0.166347
0.0957441
1.62152
-0.0599395
1.4486
1.26262
0.0597962
1.73599
-0.0294924
0.106478
0.760454
-1.31831
0.0685098
-0.756233
-1.65646
0.00116447
-1.70724
-0.782381
-0.0338662
-1.40882
0.677913
-0.0226628
-0.0920829
1.65926
-0.000751674
1.27549
1.43469
-0.0072265
1.70124
0.154138
-0.0393613
0.888175
-1.25491
-0.0531435
-0.558119
-1.75946
-0.0103989
-1.58061
-0.978706
0.0728376
-1.44373
0.528753
0.126979
-0.262719
1.66462
0.086143
1.09171
1.5915
-0.0445211
1.63557
0.350524
-0.174618
0.986821
-1.1598
-0.190896
-0.366514
-1.83442
-0.0532821
-1.43331
-1.17068
0.1553
-1.44555
0.357129
0.276721
-0.411461
1.63671
0.197411
0.903032
1.72798
-0.0505195
1.54174
0.554041
-0.293941
1.05414
-1.03517
-0.339426
-0.187062
-1.87852
-0.125988
-1.27035
-1.35249
0.210128
-1.4151
0.167696
0.420697
-0.534338
1.57571
0.328897
0.715378
1.8397
-0.0247055
1.4234
0.758814
-0.392509
1.08891
-0.884139
-0.493047
-0.0249874
-1.88991
-0.226016
-1.09722
-1.51863
0.234851
-1.35421
-0.034303
0.553227
-0.628232
1.48287
0.475758
0.534607
1.92301
0.0323684
1.28496
0.95891
-0.46619
1.09096
-0.710702
-0.645886
0.115075
-1.86779
-0.349939
-0.919725
-1.66407
0.228008
-1.26573
-0.243209
0.669003
-0.690987
1.36043
0.632625
0.366322
1.97516
0.119099
1.13149
1.14853
-0.511678
1.06119
-0.519573
-0.792083
0.229235
-1.81243
-0.493523
-0.743776
-1.78445
0.18919
-1.15336
-0.453129
0.763263
-0.721474
1.21161
0.793775
0.215689
1.9944
0.232882
0.968489
1.32219
-0.526602
1.00155
-0.316042
-0.925984
0.314465
-1.72515
-0.651858
-0.575202
-1.87619
0.119059
-1.02159
-0.658128
0.83195
-0.71963
1.04048
0.953325
0.0872721
1.98001
0.370203
0.801781
1.47492
-0.509601
0.914943
-0.105797
-1.04232
0.36871
-1.60831
-0.819525
-0.419563
-1.93662
0.0193247
-0.875505
-0.852423
0.871843
-0.686457
0.851796
1.10542
-0.0151228
1.93235
0.526746
0.637262
1.60241
-0.460376
0.805159
0.105254
-1.13639
0.390944
-1.46519
-0.990769
-0.281967
-1.96405
-0.107312
-0.720665
-1.03057
0.880663
-0.623987
0.650898
1.24442
-0.0885659
1.85283
0.697535
0.480736
1.70115
-0.379692
0.676739
0.311181
-1.2042
0.381207
-1.29992
-1.15969
-0.1669
-1.95788
-0.257245
-0.562881
-1.18764
0.857153
-0.535219
0.443497
1.36511
-0.131102
1.74389
0.877103
0.337719
1.76855
-0.269362
0.534825
0.506224
-1.24262
0.340604
-1.11731
-1.32044
-0.0780816
-1.91854
-0.426081
-0.408045
-1.31939
0.801113
-0.424018
0.235508
1.46282
-0.141812
1.60888
1.05966
0.213255
1.80302
-0.132184
0.384994
0.684978
-1.24946
0.271267
-0.922741
-1.4674
-0.0183446
-1.84753
-0.608782
-0.261933
-1.42238
0.713414
-0.294986
0.0328509
1.53366
-0.120845
1.45198
1.2393
0.111755
1.80402
0.0281493
0.23307
0.842571
-1.22356
0.176283
-0.721939
-1.59538
0.0104607
-1.74737
-0.79983
-0.130015
-1.49412
0.595967
-0.153312
-0.158742
1.57454
-0.0694116
1.27808
1.41016
0.0368503
1.7721
0.207171
0.0849372
0.974822
-1.16481
0.0595942
-0.520823
-1.69979
0.00752484
-1.62149
-0.99341
-0.0172741
-1.53309
0.45166
-0.00460132
-0.333911
1.58339
0.0102573
1.09256
1.56666
-0.00872572
1.70884
0.399782
-0.0536544
1.07838
-1.07419
-0.0741315
-0.325296
-1.77678
-0.0268938
-1.47413
-1.1836
0.071954
-1.53885
0.284269
0.145307
-0.487843
1.55912
0.114982
0.901184
1.70365
-0.0232282
1.61683
0.600423
-0.177279
1.15082
-0.953702
-0.219655
-0.141059
-1.82335
-0.0914776
-1.3102
-1.36454
0.134127
-1.51204
0.0983324
0.290537
-0.616431
1.50173
0.240739
0.70986
1.81658
-0.00595728
1.49957
0.803249
-0.281014
1.19074
-0.806322
-0.37134
0.0265771
-1.83751
-0.183893
-1.13514
-1.53068
0.16661
-1.45434
-0.100997
0.425362
-0.716404
1.41229
0.382795
0.524473
1.90167
0.0427182
1.36137
1.00232
-0.360598
1.1978
-0.635903
-0.523332
0.172866
-1.81827
-0.300868
-0.954711
-1.6769
0.167763
-1.3684
-0.308119
0.544398
-0.785437
1.29289
0.53586
0.350685
1.95601
0.121373
1.20718
1.19182
-0.412576
1.17271
-0.447048
-0.669759
0.293778
-1.76572
-0.438298
-0.77482
-1.79871
0.136995
-1.25782
-0.517167
0.642782
-0.822223
1.14659
0.69426
0.193754
1.97767
0.227572
1.04247
1.36618
-0.43441
1.11725
-0.24496
-0.804918
0.386131
-1.68101
-0.591379
-0.601328
-1.8924
0.0747855
-1.12694
-0.722201
0.716323
-0.826515
0.977319
0.852129
0.0583572
1.96576
0.357949
0.873004
1.52034
-0.424564
1.03418
-0.035275
-0.923464
0.447697
-1.56633
-0.754771
-0.439857
-1.95512
-0.0173348
-0.980776
-0.917399
0.761653
-0.799135
0.789735
1.00359
-0.0515577
1.92046
0.508317
0.704692
1.64988
-0.382552
0.927124
0.176125
-1.02059
0.47727
-1.42481
-0.922764
-0.295607
-1.98505
-0.136829
-0.824814
-1.09725
0.776326
-0.741946
0.589088
1.14297
-0.132902
1.84301
0.673806
0.543367
1.75113
-0.308962
0.800524
0.383299
-1.09217
0.474707
-1.26044
-1.08947
-0.173183
-1.98137
-0.280241
-0.664839
-1.25673
0.758906
-0.657787
0.381041
1.26496
-0.183548
1.73568
0.849023
0.394608
1.82136
-0.205428
0.659429
0.580445
-1.13492
0.440933
-1.07795
-1.24903
-0.0764491
-1.94436
-0.443302
-0.506745
-1.39146
0.709014
-0.550384
0.171491
1.36479
-0.202395
1.60168
1.02822
0.263556
1.85879
-0.0745862
0.509354
0.762084
-1.14649
0.377907
-0.88262
-1.39576
-0.00839653
-1.87534
-0.621076
-0.356345
-1.49787
0.627339
-0.424224
-0.0336308
1.43842
-0.189407
1.44507
1.2055
0.154743
1.86271
0.0800179
0.356096
0.923245
-1.12554
0.288561
-0.680138
-1.52441
0.0289491
-1.77665
-0.808118
-0.219174
-1.57328
0.515617
-0.284408
-0.228544
1.48264
-0.145616
1.27061
1.375
0.0719439
1.83349
0.25404
0.205545
1.05962
-1.07179
0.176697
-0.476406
-1.63026
0.0345959
-1.6516
-0.998652
-0.100313
-1.61603
0.376578
-0.136485
-0.407811
1.49519
-0.0730794
1.08363
1.53105
0.0180549
1.77254
0.44248
0.0634884
1.1677
-0.986021
0.0468709
-0.277345
-1.70934
0.00861813
-1.50428
-1.18676
-0.00422092
-1.6255
0.213852
0.0137351
-0.566516
1.47481
0.025178
0.889834
1.66844
-0.00500393
1.68229
0.639844
-0.06458
1.24491
-0.870075
-0.0957666
-0.0887072
-1.75849
-0.0478473
-1.33953
-1.36657
0.0654149
-1.60213
0.0318583
0.160366
-0.70042
1.42133
0.14527
0.695129
1.7825
0.00365003
1.56609
0.840327
-0.173638
1.28967
-0.726768
-0.245633
0.084118
-1.77556
-0.132638
-1.16269
-1.53246
0.105796
-1.54743
-0.164345
0.297645
-0.806103
1.33562
0.282576
0.505418
1.86932
0.0438323
1.42812
1.038
-0.2593
1.30145
-0.559813
-0.396901
0.236274
-1.75937
-0.242635
-0.97949
-1.67923
0.115107
-1.4639
-0.369221
0.420116
-0.88107
1.21962
0.43189
0.326417
1.92583
0.114297
1.27325
1.22699
-0.317965
1.28079
-0.373695
-0.543687
0.363598
-1.70985
-0.373871
-0.795832
-1.80228
0.0925732
-1.35498
-0.576938
0.522813
-0.923839
1.07623
0.587593
0.163468
1.94995
0.212779
1.10686
1.4017
-0.34693
1.22929
-0.173527
-0.680246
0.462755
-1.62796
-0.521653
-0.6176
-1.89775
0.0384901
-1.22491
-0.781554
0.601424
-0.933981
0.909238
0.743839
0.0213601
1.94059
0.336067
0.9347
1.55698
-0.344483
1.14955
0.035116
-0.801163
0.531347
-1.51572
-0.680722
-0.450473
-1.96266
-0.0457893
-1.07859
-0.977216
0.652429
-0.912137
0.723188
0.894746
-0.095823
1.89777
0.480105
0.762656
1.68827
-0.309957
1.04506
0.24638
-0.901526
0.567989
-1.37612
-0.84542
-0.299738
-1.995
-0.157897
-0.921455
-1.15835
0.673221
-0.859998
0.523244
1.03459
-0.184837
1.82255
0.640134
0.596593
1.79177
-0.243754
0.92013
0.45432
-0.977089
0.572356
-1.21301
-1.00988
-0.170116
-1.99378
-0.294527
-0.759246
-1.31983
0.662187
-0.780242
0.315015
1.15798
-0.243381
1.71702
0.810837
0.442153
1.8646
-0.147335
0.779722
0.653099
-1.02442
0.545192
-1.031
-1.16823
-0.0656062
-1.95909
-0.451544
-0.597856
-1.45718
0.618766
-0.676453
0.104369
1.26007
-0.270176
1.58425
0.986522
0.304565
1.90481
-0.0231667
0.629284
0.83717
-1.04099
0.488283
-0.835303
-1.31474
0.0106391
-1.89209
-0.624116
-0.443128
-1.56666
0.543465
-0.552998
-0.10275
1.33667
-0.265004
1.42817
1.1613
0.188478
1.91151
0.125353
0.47458
1.00146
-1.02529
0.4044
-0.631543
-1.44407
0.0564225
-1.79496
-0.806875
-0.30066
-1.64546
0.437846
-0.414887
-0.300524
1.38442
-0.228711
1.25343
1.32929
0.0978076
1.88488
0.294009
0.3215
1.14155
-0.976864
0.297205
-0.425604
-1.55142
0.070571
-1.67084
-0.994091
-0.175624
-1.69172
0.304472
-0.267604
-0.483445
1.4009
-0.163185
1.06528
1.48479
0.03561
1.82617
0.477903
0.175863
1.25378
-0.896316
0.171134
-0.223421
-1.63267
0.0529742
-1.52371
-1.17986
-0.0725978
-1.70466
0.146831
-0.11693
-0.646494
1.38468
-0.0712901
0.869383
1.6225
0.003979
1.73764
0.671616
0.0432276
1.33541
-0.785307
0.0312491
-0.0307869
-1.68453
0.00458789
-1.35829
-1.35829
0.00458789
-1.68453
-0.0307869
0.0312491
-0.785307
1.33541
0.0432276
0.671616
1.73764
0.003979
1.6225
0.869383
-0.0712901
1.38468
-0.646494
-0.11693
0.146831
-1.70466
-0.0725978
-1.17986
-1.52371
0.0529742
-1.63267
-0.223421
0.171134
-0.896316
1.25378
0.175863
0.477903
1.82617
0.03561
1.48479
1.06528
-0.163185
1.4009
-0.483445
-0.267604
0.304472
-1.69172
-0.175624
-0.994091
-1.67084
0.070571
-1.55142
-0.425604
0.297205
-0.976864
1.14155
0.3215
0.294009
1.88488
0.0978076
1.32929
1.25343
-0.228711
1.38442
-0.300524
-0.414887
0.437846
-1.64546
-0.30066
-0.806875
-1.79496
0.0564225
-1.44407
-0.631543
0.4044
-1.02529
1.00146
0.47458
0.125353
1.91151
0.188478
1.1613
1.42817
-0.265004
1.33667
-0.10275
-0.552998
0.543465
-1.56666
-0.443128
-0.624116
-1.89209
0.0106391
-1.31474
-0.835303
0.488283
-1.04099
0.83717
0.629284
-0.0231667
1.90481
0.304565
0.986522
1.58425
-0.270176
1.26007
0.104369
-0.676453
0.618766
-1.45718
-0.597856
-0.451544
-1.95909
-0.0656062
-1.16823
-1.031
0.545192
-1.02442
0.653099
0.779722
-0.147335
1.8646
0.442153
0.810837
1.71702
-0.243381
1.15798
0.315015
-0.780242
0.662187
-1.31983
-0.759246
-0.294527
-1.99378
-0.170116
-1.00988
-1.21301
0.572356
-0.977089
0.45432
0.92013
-0.243754
1.79177
0.596593
0.640134
1.82255
-0.184837
1.03459
0.523244
-0.859998
0.673221
-1.15835
-0.921455
-0.157897
-1.995
-0.299738
-0.84542
-1.37612
0.567989
-0.901526
0.24638
1.04506
-0.309957
1.68827
0.762656
0.480105
1.89777
-0.095823
0.894746
0.723188
-0.912137
0.652429
-0.977216
-1.07859
-0.0457893
-1.96266
-0.450473
-0.680722
-1.51572
0.531347
-0.801163
0.035116
1.14955
-0.344483
1.55698
0.9347
0.336067
1.94059
0.0213601
0.743839
0.909238
-0.933981
0.601424
-0.781554
-1.22491
0.0384901
-1.89775
-0.6176
-0.521653
-1.62796
0.462755
-0.680246
-0.173527
1.22929
-0.34693
1.4017
1.10686
0.212779
1.94995
0.163468
0.587593
1.07623
-0.923839
0.522813
-0.576938
-1.35498
0.0925732
-1.80228
-0.795832
-0.373871
-1.70985
0.363598
-0.543687
-0.373695
1.28079
-0.317965
1.22699
1.27325
0.114297
1.92583
0.326417
0.43189
1.21962
-0.88107
0.420116
-0.369221
-1.4639
0.115107
-1.67923
-0.97949
-0.242635
-1.75937
0.236274
-0.396901
-0.559813
1.30145
-0.2593
1.038
1.42812
0.0438323
1.86932
0.505418
0.282576
1.33562
-0.806103
0.297645
-0.164345
-1.54743
0.105796
-1.53246
-1.16269
-0.132638
-1.77556
0.084118
-0.245633
-0.726768
1.28967
-0.173638
0.840327
1.56609
0.00365003
1.7825
0.695129
0.14527
1.42133
-0.70042
0.160366
0.0318583
-1.60213
0.0654149
-1.36657
-1.33953
-0.0478473
-1.75849
-0.0887072
-0.0957666
-0.870075
1.24491
-0.06458
0.639844
1.68229
-0.00500393
1.66844
0.889834
0.025178
1.47481
-0.566516
0.0137351
0.213852
-1.6255
-0.00422092
-1.18676
-1.50428
0.00861813
-1.70934
-0.277345
0.0468709
-0.986021
1.1677
0.0634884
0.44248
1.77254
0.0180549
1.53105
1.08363
-0.0730794
1.49519
-0.407811
-0.136485
0.376578
-1.61603
-0.100313
-0.998652
-1.6516
0.0345959
-1.63026
-0.476406
0.176697
-1.07179
1.05962
0.205545
0.25404
1.83349
0.0719439
1.375
1.27061
-0.145616
1.48264
-0.228544
-0.284408
0.515617
-1.57328
-0.219174
-0.808118
-1.77665
0.0289491
-1.52441
-0.680138
0.288561
-1.12554
0.923245
0.356096
0.0800179
1.86271
0.154743
1.2055
1.44507
-0.189407
1.43842
-0.0336308
-0.424224
0.627339
-1.49787
-0.356345
-0.621076
-1.87534
-0.00839653
-1.39576
-0.88262
0.377907
-1.14649
0.762084
0.509354
-0.0745862
1.85879
0.263556
1.02822
1.60168
-0.202395
1.36479
0.171491
-0.550384
0.709014
-1.39146
-0.506745
-0.443302
-1.94436
-0.0764491
-1.24903
-1.07795
0.440933
-1.13492
0.580445
0.659429
-0.205428
1.82136
0.394608
0.849023
1.73568
-0.183548
1.26496
0.381041
-0.657787
0.758906
-1.25673
-0.664839
-0.280241
-1.98137
-0.173183
-1.08947
-1.26044
0.474707
-1.09217
0.383299
0.800524
-0.308962
1.75113
0.543367
0.673806
1.84301
-0.132902
1.14297
0.589088
-0.741946
0.776326
-1.09725
-0.824814
-0.136829
-1.98505
-0.295607
-0.922764
-1.42481
0.47727
-1.02059
0.176125
0.927124
-0.382552
1.64988
0.704692
0.508317
1.92046
-0.0515577
1.00359
0.789735
-0.799135
0.761653
-0.917399
-0.980776
-0.0173348
-1.95512
-0.439857
-0.754771
-1.56633
0.447697
-0.923464
-0.035275
1.03418
-0.424564
1.52034
0.873004
0.357949
1.96576
0.0583572
0.852129
0.977319
-0.826515
0.716323
-0.722201
-1.12694
0.0747855
-1.8924
-0.601328
-0.591379
-1.68101
0.386131
-0.804918
-0.24496
1.11725
-0.43441
1.36618
1.04247
0.227572
1.97767
0.193754
0.69426
1.14659
-0.822223
0.642782
-0.517167
-1.25782
0.136995
-1.79871
-0.77482
-0.438298
-1.76572
0.293778
-0.669759
-0.447048
1.17271
-0.412576
1.19182
1.20718
0.121373
1.95601
0.350685
0.53586
1.29289
-0.785437
0.544398
-0.308119
-1.3684
0.167763
-1.6769
-0.954711
-0.300868
-1.81827
0.172866
-0.523332
-0.635903
1.1978
-0.360598
1.00232
1.36137
0.0427182
1.90167
0.524473
0.382795
1.41229
-0.716404
0.425362
-0.100997
-1.45434
0.16661
-1.53068
-1.13514
-0.183893
-1.83751
0.0265771
-0.37134
-0.806322
1.19074
-0.281014
0.803249
1.49957
-0.00595728
1.81658
0.70986
0.240739
1.50173
-0.616431
0.290537
0.0983324
-1.51204
0.134127
-1.36454
-1.3102
-0.0914776
-1.82335
-0.141059
-0.219655
-0.953702
1.15082
-0.177279
0.600423
1.61683
-0.0232282
1.70365
0.901184
0.114982
1.55912
-0.487843
0.145307
0.284269
-1.53885
0.071954
-1.1836
-1.47413
-0.0268938
-1.77678
-0.325296
-0.0741315
-1.07419
1.07838
-0.0536544
0.399782
1.70884
-0.00872572
1.56666
1.09256
0.0102573
1.58339
-0.333911
-0.00460132
0.45166
-1.53309
-0.0172741
-0.99341
-1.62149
0.00752484
-1.69979
-0.520823
0.0595942
-1.16481
0.974822
0.0849372
0.207171
1.7721
0.0368503
1.41016
1.27808
-0.0694116
1.57454
-0.158742
-0.153312
0.595967
-1.49412
-0.130015
-0.79983
-1.74737
0.0104607
-1.59538
-0.721939
0.176283
-1.22356
0.842571
0.23307
0.0281493
1.80402
0.111755
1.2393
1.45198
-0.120845
1.53366
0.0328509
-0.294986
0.713414
-1.42238
-0.261933
-0.608782
-1.84753
-0.0183446
-1.4674
-0.922741
0.271267
-1.24946
0.684978
0.384994
-0.132184
1.80302
0.213255
1.05966
1.60888
-0.141812
1.46282
0.235508
-0.424018
0.801113
-1.31939
-0.408045
-0.426081
-1.91854
-0.0780816
-1.32044
-1.11731
0.340604
-1.24262
0.506224
0.534825
-0.269362
1.76855
0.337719
0.877103
1.74389
-0.131102
1.36511
0.443497
-0.535219
0.857153
-1.18764
-0.562881
-0.257245
-1.95788
-0.1669
-1.15969
-1.29992
0.381207
-1.2042
0.311181
0.676739
-0.379692
1.70115
0.480736
0.697535
1.85283
-0.0885659
1.24442
0.650898
-0.623987
0.880663
-1.03057
-0.720665
-0.107312
-1.96405
-0.281967
-0.990769
-1.46519
0.390944
-1.13639
0.105254
0.805159
-0.460376
1.60241
0.637262
0.526746
1.93235
-0.0151228
1.10542
0.851796
-0.686457
0.871843
-0.852423
-0.875505
0.0193247
-1.93662
-0.419563
-0.819525
-1.60831
0.36871
-1.04232
-0.105797
0.914943
-0.509601
1.47492
0.801781
0.370203
1.98001
0.0872721
0.953325
1.04048
-0.71963
0.83195
-0.658128
-1.02159
0.119059
-1.87619
-0.575202
-0.651858
-1.72515
0.314465
-0.925984
-0.316042
1.00155
-0.526602
1.32219
0.968489
0.232882
1.9944
0.215689
0.793775
1.21161
-0.721474
0.763263
-0.453129
-1.15336
0.18919
-1.78445
-0.743776
-0.493523
-1.81243
0.229235
-0.792083
-0.519573
1.06119
-0.511678
1.14853
1.13149
0.119099
1.97516
0.366322
0.632625
1.36043
-0.690987
0.669003
-0.243209
-1.26573
0.228008
-1.66407
-0.919725
-0.349939
-1.86779
0.115075
-0.645886
-0.710702
1.09096
-0.46619
0.95891
1.28496
0.0323684
1.92301
0.534607
0.475758
1.48287
-0.628232
0.553227
-0.034303
-1.35421
0.234851
-1.51863
-1.09722
-0.226016
-1.88991
-0.0249874
-0.493047
-0.884139
1.08891
-0.392509
0.758814
1.4234
-0.0247055
1.8397
0.715378
0.328897
1.57571
-0.534338
0.420697
0.167696
-1.4151
0.210128
-1.35249
-1.27035
-0.125988
-1.87852
-0.187062
-0.339426
-1.03517
1.05414
-0.293941
0.554041
1.54174
-0.0505195
1.72798
0.903032
0.197411
1.63671
-0.411461
0.276721
0.357129
-1.44555
0.1553
-1.17068
-1.43331
-0.0532821
-1.83442
-0.366514
-0.190896
-1.1598
0.986821
-0.174618
0.350524
1.63557
-0.0445211
1.5915
1.09171
0.086143
1.66462
-0.262719
0.126979
0.528753
-1.44373
0.0728376
-0.978706
-1.58061
-0.0103989
-1.75946
-0.558119
-0.0531435
-1.25491
0.888175
-0.0393613
0.154138
1.70124
-0.0072265
1.43469
1.27549
-0.000751674
1.65926
-0.0920829
-0.0226628
0.677913
-1.40882
-0.0338662
-0.782381
-1.70724
0.00116447
-1.65646
-0.756233
0.0685098
-1.31831
0.760454
0.106478
-0.0294924
1.73599
0.0597962
1.26262
1.4486
-0.0599395
1.62152
0.0957441
-0.166347
0.800697
-1.34109
-0.160604
-0.587632
-1.80883
-0.0190344
-1.52915
-0.954974
0.169287
-1.34887
0.606862
0.257194
-0.195177
1.73807
0.153979
1.0808
1.60555
-0.0890196
1.55334
0.295485
-0.298414
0.894056
-1.24186
-0.302492
-0.400311
-1.8818
-0.0703693
-1.38199
-1.14842
0.245111
-1.34649
0.431448
0.406912
-0.338329
1.70677
0.271837
0.895072
1.74137
-0.0866023
1.45762
0.501457
-0.413592
0.955909
-1.11348
-0.454133
-0.226002
-1.9235
-0.151166
-1.2201
-1.33079
0.29274
-1.31217
0.238978
0.549784
-0.455113
1.64245
0.409087
0.711348
1.85177
-0.0523549
1.33814
0.707762
-0.507166
0.985204
-0.959216
-0.609792
-0.069838
-1.93223
-0.258756
-1.04902
-1.49665
0.309872
-1.24792
0.0347768
0.680179
-0.542571
1.5465
0.560781
0.535454
1.93324
0.0129866
1.19944
0.908471
-0.575137
0.98196
-0.783204
-0.763586
0.0636649
-1.90739
-0.389565
-0.874603
-1.64107
0.295223
-1.15673
-0.175442
0.79287
-0.598718
1.42137
0.721474
0.372928
1.98318
0.107642
1.04667
1.09783
-0.614351
0.947257
-0.590264
-0.909673
0.170756
-1.84941
-0.53923
-0.70274
-1.7598
0.24857
-1.04245
-0.385763
0.883205
-0.622606
1.27042
0.885403
0.228844
2
