1.68351
0.045762
-0.491218
0.0574709
-0.0832221
-1.44045
-1.33232
-0.0990977
1.18471
0.302877
0.0291354
0.797254
1.43287
0.141022
-1.30621
-1.14587
-0.365486
-0.226575
-0.805037
-0.236219
1.92321
1.46701
0.336041
-0.73637
0.0474675
-0.198231
-1.14207
-2.0305
0.00742478
1.49433
0.69785
-0.0462837
0.429103
1.40713
-0.0308119
-1.73746
-1.31227
-0.100558
-0.26065
-1.04168
0.13172
1.61372
1.78428
-0.0860548
-0.401524
0.0219852
-0.394318
-1.24964
-1.86185
0.183632
0.687199
0.592935
0.160413
1.02687
1.23757
0.0346182
-1.38533
-1.18864
-0.0348251
-0.416896
-0.927016
0.0140161
1.49335
1.56137
-0.140487
-0.274712
0.147517
0.14183
-1.41681
-1.51219
0.185018
1.21293
0.145752
0.122409
1.20088
1.49047
0.00421232
-1.63008
-0.755511
-0.0786039
-0.322448
-0.777452
0.0660129
1.45855
1.42419
0.187395
-0.0101278
0.653862
-0.213945
-1.36291
-1.73384
-0.233653
0.911632
0.286458
0.474506
1.36048
1.75641
0.112103
-1.24003
-1.15395
0.0166004
-0.780615
-1.05894
0.420708
1.54042
1.26863
-0.316911
0.251346
0.653036
-0.197772
-1.81885
-1.41669
0.384357
0.333821
0.144207
0.3404
1.74831
1.03163
-0.432686
-1.22516
-0.685774
0.0348078
-1.10805
-0.836853
0.408918
1.56743
0.744504
-0.00201301
0.425243
0.551698
-0.292596
-2.00691
-1.32526
-0.0648587
0.370827
-0.315943
0.607543
1.67608
1.35919
-0.39627
-1.1827
0.0260358
-0.412888
-1.4043
-1.08631
0.569655
1.39949
0.594812
0.172933
0.770561
0.892553
-1.02578
-1.45687
-0.724408
0.166635
-0.24279
-0.420818
0.857483
1.5735
1.01009
-0.496503
-0.519089
0.0155496
-0.32323
-1.76915
-0.67419
0.675202
1.22688
0.650616
0.32792
1.33869
0.808807
-1.08855
-2.0078
-0.636588
0.341538
-0.521502
-0.48868
0.816897
2.46337
0.542588
-0.386985
-0.404877
0.351926
-0.97052
-2.04857
-0.602121
0.74897
1.11861
0.0496865
0.595359
1.52635
0.620039
-1.41555
-1.45246
-0.260088
-0.12284
-0.420799
-0.754579
1.14798
1.59127
0.118027
-0.429626
-0.0055786
0.430675
-1.28965
-1.85115
-0.834243
1.31805
0.359371
-0.039967
0.516799
1.79185
0.643915
-1.89787
-1.36228
0.0985711
-0.389148
-1.31116
-0.471369
1.77086
1.75554
-0.018495
-0.713549
0.72228
0.191036
-1.30455
-2.23537
-0.310665
0.794563
0.0718759
-0.211778
1.14236
1.88723
0.261417
-1.10743
-1.17968
0.281117
-0.624175
-1.22715
-0.420225
1.56759
1.6334
-0.12124
-0.0522796
0.733671
0.334361
-1.54163
-1.88218
0.0554661
0.678858
0.0965873
-0.411552
1.90122
1.83293
0.0834682
-1.76344
-0.364451
0.0521296
-0.961734
-1.38808
0.0656829
2.15816
1.40293
-0.0187749
0.0436224
1.04076
-0.110132
-1.93656
-1.44099
0.0675653
0.839684
-0.518629
0.0695126
1.33686
1.83653
0.119006
-1.45312
-0.171671
0.0746994
-0.755068
-1.79
0.067252
1.48438
1.0825
-0.350752
0.548303
1.29815
-0.2535
-1.84378
-1.36544
0.446871
0.309022
-0.838475
0.162385
1.83952
1.29051
-0.580861
-0.648721
-0.103164
-0.0349289
-1.83009
-1.419
0.328393
1.67866
0.522149
-0.0282916
1.37139
0.952401
-0.572458
-1.98184
-1.08856
0.0889521
0.139787
-0.70005
0.372096
1.98523
1.13867
-0.202478
-0.679555
0.570799
-0.32999
-1.97253
-1.41782
0.426774
1.32664
0.402405
0.425142
1.13228
1.33253
-1.01888
-1.42913
-0.544168
0.0504713
-0.321475
-0.692371
1.33693
1.69376
0.723872
-0.412218
-0.149128
0.192995
-0.582146
-1.61295
-1.02286
1.04018
0.605744
0.353723
0.670042
1.32493
0.788053
-0.93009
-1.40323
-0.426086
0.208202
-0.892722
-0.787
0.982243
2.02878
0.513359
-0.371085
0.478743
0.455184
-0.833327
-2.11914
-0.666091
0.45105
0.415123
-0.421193
0.833436
1.86772
0.645433
-1.0536
-1.06174
-0.0449097
-0.770569
-1.36903
-0.525267
1.27871
1.55851
0.266856
0.0775582
0.360181
0.190546
-1.65872
-1.68945
-0.298876
0.634942
-0.00538237
-0.069833
1.13306
1.49846
0.52371
-1.51792
-0.711011
-0.217456
-0.850898
-1.82863
-0.160394
1.82233
1.06375
0.100627
0.314054
1.05337
0.0480213
-1.7296
-1.66663
-0.140407
0.732442
-0.788861
0.156904
1.43358
1.75966
-0.167794
-0.763269
-0.171878
-0.155341
-1.12946
-1.52229
-0.0254352
1.38598
1.00675
-0.0794193
0.538103
1.09888
0.0333186
-1.5262
-1.40264
0.221542
0.169251
-0.385045
0.155569
1.55993
1.6631
-0.271756
-0.878792
0.186592
0.216235
-1.96341
-1.45924
0.0744267
1.5115
0.483885
0.0951315
1.09812
1.52971
-0.364706
-1.88256
-1.1931
0.212093
-0.528234
-1.21258
0.687866
2.15509
1.22288
-0.0178195
-0.868145
0.403643
-0.213575
-1.68605
-1.734
0.425873
1.12192
0.206301
0.0090348
1.02053
1.64023
-0.874213
-1.73239
-0.979505
0.276529
-0.344637
-1.14021
0.571808
2.04219
1.04079
-0.632505
-0.174032
0.622453
-0.718133
-1.85806
-1.27038
0.895436
0.65721
0.0976062
0.0697213
1.90225
1.19022
-0.953704
-1.54859
-0.264485
-0.167331
-1.17181
-0.849625
0.782595
1.94682
1.03854
-0.273681
0.254411
0.888875
-0.483559
-2.34756
-0.859357
0.879708
0.736856
-0.282109
0.220825
1.79954
1.27707
-0.700815
-1.38892
0.0838987
0.0364903
-1.18434
-1.23046
1.22225
1.77373
0.548243
-0.146269
0.767775
0.717626
-1.00383
-2.00645
-0.79117
0.796328
0.382878
-0.154391
0.993611
1.8493
0.913751
-1.13901
-0.631517
-0.307184
-0.448948
-1.59457
-0.982286
1.19737
1.76846
0.494125
-0.309
1.17572
0.695397
-1.41636
-2.21225
-0.490151
0.706237
-0.0430996
-0.360561
0.662107
2.26751
0.472583
-1.33305
-0.521693
0.399466
-0.551522
-1.92774
-0.613592
1.09619
1.32763
-0.151851
0.236034
0.923803
0.422018
-1.30362
-2.00524
-0.0390643
0.180299
-0.422097
-0.140504
1.29061
1.90851
0.437951
-0.952151
-0.548979
0.178426
-1.00774
-1.59709
-0.558129
1.39147
0.946397
-0.352761
0.803465
1.63414
0.210848
-1.49991
-1.57005
-0.23543
0.296614
-1.02546
-0.370359
1.76376
1.85846
0.149883
-0.670099
0.487997
-0.094498
-1.24239
-1.6213
-0.0229012
1.00355
0.716729
-0.0812127
0.739108
1.66196
0.0536737
-1.39378
-1.37966
-0.226027
-0.238171
-0.801778
0.235428
1.49284
1.84069
0.00838329
-0.528348
-0.0758847
-0.0254941
-1.75236
-1.65163
0.381056
1.03965
0.557249
-0.184233
1.3366
1.17093
-0.120566
-1.53704
-0.961527
0.107806
-0.852638
-1.28347
0.226305
1.80123
0.786634
-0.197252
0.204076
0.313777
-0.0864393
-1.89853
-1.22987
-0.0807591
0.886469
-0.232682
0.145595
1.44537
1.25619
-0.536782
-1.19521
-0.448485
-0.172109
-0.825139
-1.32142
0.274915
1.7677
0.895929
-0.180429
0.304942
0.842347
-0.933703
-1.98626
-1.11583
0.363685
0.367048
-0.0580903
0.806055
1.79324
1.20283
-0.915818
-0.684023
-0.189584
-0.238069
-1.74105
-0.742784
0.798912
1.22753
0.616765
0.643322
0.840071
0.582397
-0.827707
-1.97812
-0.655659
0.417511
-0.214387
-0.0943646
0.837617
2.24962
0.505854
-0.45909
-0.791266
0.0139175
-0.371394
-1.31204
-0.836016
1.15886
1.64812
-0.32267
0.599161
1.07291
0.513857
-1.24596
-1.88002
-0.246251
0.339145
-0.302225
-0.410718
1.21451
1.74977
0.459002
-0.612524
-0.136383
0.365101
-1.45365
-1.42472
-0.758657
1.09163
0.727537
0.233164
0.539864
1.57759
0.636876
-1.41771
-1.47077
-0.152291
-0.167466
-1.36239
-0.348484
1.4846
1.72234
0.492468
-0.822467
0.327756
0.365717
-1.49457
-2.36584
0.0279937
1.49026
0.476825
-0.147847
1.04511
1.65095
-0.116078
-1.415
-1.36474
0.399726
-0.399346
-1.30128
-0.121732
1.9647
1.5182
0.014505
-0.1489
0.279915
0.0563509
-1.7159
-1.64706
-0.10357
0.95108
0.589704
-0.188783
1.65002
1.65152
0.0430058
-1.64354
-0.426952
0.117579
-0.706807
-1.28545
-0.240533
1.99256
1.30009
-0.0759262
-0.248408
1.26664
3.57694e-05
-2.1785
-1.35259
0.387725
0.851389
-0.445049
0.219638
1.35984
1.70293
-0.268826
-1.6078
-0.2567
0.240611
-0.784081
-1.67398
0.424315
1.49767
1.13017
-0.0355944
0.114172
0.995198
-0.287721
-1.86892
-1.85408
0.220274
0.409688
-0.550859
0.107802
2.01051
1.6096
-0.426873
-1.14186
-0.637583
0.00947684
-1.52096
-1.60409
0.609852
1.808
0.406292
-0.235996
0.86648
1.1075
-0.677079
-2.26217
-0.805934
0.0773651
0.0342071
-0.500605
0.153014
1.93645
1.07907
-0.710729
-1.03503
0.35044
-0.575292
-1.37768
-1.23342
0.720489
1.59603
0.539077
0.00656314
0.510744
1.28091
-0.728994
-1.95351
-0.725068
0.215285
-0.300265
-0.691144
0.92807
1.71138
1.40653
-0.685331
-0.40055
0.24373
-0.688284
-1.87706
-1.17701
1.23422
0.865726
0.462749
0.490832
1.27823
0.583875
-0.772481
-1.24501
-0.378326
0.170358
-0.766781
-0.639991
0.779417
1.83263
0.764221
-0.552731
0.329072
-0.00176048
-0.76257
-1.76683
-0.844563
0.524118
1.32193
-0.0706591
0.541497
1.58939
0.602566
-1.27915
-1.39494
-0.182026
-0.21407
-0.867679
-0.596201
1.14252
1.90545
0.587805
-0.235288
0.29176
0.139763
-1.73641
-1.84401
-0.566751
0.655079
0.551974
0.189488
0.967694
1.20131
0.584275
-1.32939
-0.814707
-0.267779
-0.216098
-1.32196
-0.218327
1.21753
1.2989
0.322469
-0.049598
0.574848
0.14026
-1.19072
-1.80606
-0.401131
1.21841
-0.278422
-0.075796
1.14566
1.84573
-0.0590914
-0.958102
-0.794006
-0.0208247
-0.650135
-1.46004
0.207735
1.59926
1.53269
-0.108541
0.296364
1.07647
-0.0957524
-1.45384
-1.39347
-0.33149
0.436213
0.164417
-0.0725502
1.38545
1.8308
0.121996
-0.646469
-0.592084
0.0609858
-1.23704
-1.28111
-0.13691
1.4886
1.18295
0.345334
0.0391651
1.15438
0.326565
-1.69285
-1.27646
0.10154
0.0910914
-0.527065
0.188306
1.74849
1.55465
0.0487724
-1.08323
-0.476056
-0.323455
-1.1783
-1.73288
0.397556
1.71943
0.925638
0.188167
0.20574
0.912906
-0.330335
-1.4486
-1.62268
0.03689
0.419592
-0.531363
-0.273684
1.66398
1.82838
-0.221301
-0.796312
-0.552953
-0.111267
-0.914705
-1.98564
-0.0420724
1.3564
0.761868
-0.398074
0.836519
1.22943
-0.0238827
-1.62872
-1.11522
0.0246122
-0.243629
-0.448626
-0.158045
1.57703
1.59079
-0.0191935
-0.597239
-0.0143902
-0.241799
-1.62658
-1.38196
0.104098
1.33396
0.772421
0.247977
0.622933
1.18063
0.22002
-1.98734
-1.43479
0.119354
0.0232864
-0.830276
0.289286
1.72484
